sdk:driver:quit|159.5394169986248
sdk:automate:hub-management|3729.6045829951763
sdk:driver:pre-initialization|0.3408749997615814
sdk:automate:session-status|609.3691249936819
sdk:setup|3973.1264170110226
sdk:o11y:sync|154.41516698896885
sdk:automate:session-name|545.6850829869509
sdk:driver:post-initialization|7.143249988555908
sdk:hook|5.17
sdk:automate:session-annotation|147.85
